MSE: 93.27380977777777
PSNR: 19.4388769966115
SSIM: 0.7569923345400933
