MSE: 66.63165333333333
PSNR: 24.265535855070475
SSIM: 0.8318962403330707
