MSE: 92.1988412373146
PSNR: 18.565753150075743
SSIM: 0.8029369215470394
