MSE: 99.26162000868055
PSNR: 19.081754379028695
SSIM: 0.8132438564790573
