MSE: 89.73623592592593
PSNR: 19.510371792896034
SSIM: 0.8515466919414569
