MSE: 91.24765587258455
PSNR: 22.759730861383627
SSIM: 0.7972505741439063
