MSE: 75.16808738425927
PSNR: 22.437451107156487
SSIM: 0.874456229556186
