MSE: 97.80138133652801
PSNR: 21.705594091789735
SSIM: 0.7977487278039486
