MSE: 92.74287000868055
PSNR: 21.218587623280012
SSIM: 0.7824678871056477
