MSE: 99.72178602430556
PSNR: 17.89769195439092
SSIM: 0.7741930153678976
