MSE: 92.60435925925925
PSNR: 17.431269786060188
SSIM: 0.701473205680171
