MSE: 94.25718133450093
PSNR: 19.86042358732112
SSIM: 0.7877800479622982
