MSE: 96.63093858506944
PSNR: 17.962577961366975
SSIM: 0.7370849768942364
