MSE: 94.15064995659722
PSNR: 20.61317407126753
SSIM: 0.7958515960265009
