MSE: 86.35718475877194
PSNR: 20.720842224971836
SSIM: 0.7763587130996566
