MSE: 67.80245563871836
PSNR: 23.868307757111328
SSIM: 0.7303850273157483
