MSE: 94.68620957258987
PSNR: 18.44437168293165
SSIM: 0.8110365477147293
