MSE: 86.05152355072464
PSNR: 18.880604154727106
SSIM: 0.7764489531616289
