MSE: 64.46974175347222
PSNR: 25.036376533036226
SSIM: 0.941863633522623
