MSE: 84.71321679935387
PSNR: 20.792326940004166
SSIM: 0.8411579077618253
