MSE: 75.84418579609633
PSNR: 23.648062790032554
SSIM: 0.7414168404166142
