MSE: 87.75946581196581
PSNR: 21.400698907250522
SSIM: 0.7600518520624183
