MSE: 94.3837436703335
PSNR: 19.07279030411084
SSIM: 0.8184625396077032
