MSE: 101.43293619791666
PSNR: 17.855427614583512
SSIM: 0.7976606907067865
