MSE: 71.54604069135803
PSNR: 25.020680526918838
SSIM: 0.7605397309364871
