MSE: 95.71567021122685
PSNR: 18.493300272081235
SSIM: 0.795490669349994
