MSE: 91.64002844444444
PSNR: 19.89953028771719
SSIM: 0.7705696513730821
