MSE: 90.81978063778064
PSNR: 18.624728941379665
SSIM: 0.8228761533643363
