MSE: 96.16475802951389
PSNR: 20.260347130455493
SSIM: 0.7990308299499255
