MSE: 71.9995817468559
PSNR: 25.121671272495437
SSIM: 0.8646198993314579
