MSE: 100.66725925925925
PSNR: 19.210739257516742
SSIM: 0.7267483914255303
