MSE: 97.7914572482639
PSNR: 20.13971909593505
SSIM: 0.7597200830155785
