MSE: 84.52588624338624
PSNR: 19.367245716145298
SSIM: 0.8233102517311953
