MSE: 76.31400390625
PSNR: 22.831072587727704
SSIM: 0.8954025977040906
