MSE: 66.07489691840277
PSNR: 25.99787978311538
SSIM: 0.8311545915116803
