MSE: 88.07351954477839
PSNR: 21.925855626531728
SSIM: 0.7993687355752805
