MSE: 96.11658310012437
PSNR: 18.506881391951246
SSIM: 0.833011737161633
