MSE: 81.46765661168982
PSNR: 21.20515453303271
SSIM: 0.8381688657288809
