MSE: 91.54481371087928
PSNR: 19.5626851214255
SSIM: 0.7862497687049523
