MSE: 99.86244466145833
PSNR: 19.724739095920178
SSIM: 0.7855635749163538
