MSE: 83.903952
PSNR: 21.034309847586258
SSIM: 0.8147872237653867
