MSE: 91.66397280092593
PSNR: 20.24840483842236
SSIM: 0.8244517744953178
