MSE: 85.46988588588589
PSNR: 20.060743397481815
SSIM: 0.8158696914009941
