MSE: 92.30615715715716
PSNR: 19.965804048203438
SSIM: 0.8234555879680535
