MSE: 51.35273003472222
PSNR: 25.594477098264136
SSIM: 0.8300051245624168
