MSE: 99.40991174768519
PSNR: 16.143078935817854
SSIM: 0.773952188900178
