MSE: 90.60538478631213
PSNR: 19.323534524024048
SSIM: 0.7681735703351626
