MSE: 95.19577066666666
PSNR: 19.65240393500422
SSIM: 0.7773894250677832
