MSE: 91.30591254340278
PSNR: 20.223318697465572
SSIM: 0.8182332240596658
