MSE: 99.25474211516203
PSNR: 18.34090716187314
SSIM: 0.8035272137594222
