MSE: 85.49658356962823
PSNR: 20.560702338937503
SSIM: 0.7553274778498098
