MSE: 82.03382269965277
PSNR: 20.113423564562982
SSIM: 0.736114844738086
