MSE: 64.66449616608796
PSNR: 22.53889002969947
SSIM: 0.721498690480021
