MSE: 89.04125759548612
PSNR: 20.450198270053313
SSIM: 0.7945948227465682
