MSE: 95.77325462416371
PSNR: 18.288762019893067
SSIM: 0.7719205145230924
