MSE: 90.97111260617274
PSNR: 19.55472798990048
SSIM: 0.7850768815535814
