MSE: 89.41287818930041
PSNR: 19.593183563611575
SSIM: 0.8285815543729175
