MSE: 96.26780164930555
PSNR: 19.284378910296624
SSIM: 0.8027967786396318
