MSE: 96.12020533200861
PSNR: 19.789606503156993
SSIM: 0.7716280398170299
