MSE: 92.09816936728394
PSNR: 19.501255420587196
SSIM: 0.8232287547567516
