MSE: 101.80901155555556
PSNR: 16.17000415261869
SSIM: 0.7686507427597719
