MSE: 100.34669755469756
PSNR: 16.380481008364413
SSIM: 0.8052900039710806
