MSE: 89.95403022222222
PSNR: 19.936578529048536
SSIM: 0.7996059102092522
