MSE: 87.62934260639179
PSNR: 20.006112277014072
SSIM: 0.7428582712212478
