MSE: 88.65443285312138
PSNR: 18.869483284121443
SSIM: 0.7504994465667741
