MSE: 94.45429036458333
PSNR: 19.503896632050107
SSIM: 0.7987016364191319
