MSE: 77.44853081597222
PSNR: 21.782044955792603
SSIM: 0.845925622822573
