MSE: 82.9921318540763
PSNR: 22.884948739305344
SSIM: 0.8480021038728439
