MSE: 79.72166811342592
PSNR: 23.384609428739324
SSIM: 0.8762630347133555
