MSE: 92.2152088888889
PSNR: 20.21268746772823
SSIM: 0.757464353975517
