MSE: 95.88091911111111
PSNR: 19.486526122235315
SSIM: 0.7655324228204311
