MSE: 85.45254577777777
PSNR: 21.863618704295668
SSIM: 0.8196101879357215
