MSE: 92.98290030875488
PSNR: 18.574016875660906
SSIM: 0.8335891872159392
