MSE: 98.0311252170139
PSNR: 17.866637715416854
SSIM: 0.8170191678945006
