MSE: 95.8912002002002
PSNR: 18.756500090582666
SSIM: 0.8265935320174247
