MSE: 85.66227777777777
PSNR: 21.08847300692129
SSIM: 0.6796526002355128
