MSE: 99.77958605862403
PSNR: 16.99549961719109
SSIM: 0.7698047457248759
