MSE: 91.30881244444444
PSNR: 21.27428741999347
SSIM: 0.7649745548625128
