MSE: 81.30633993055555
PSNR: 21.825132062886077
SSIM: 0.7778711403983167
