MSE: 98.25165822517343
PSNR: 17.66137204933784
SSIM: 0.8442672247209737
