MSE: 84.96097697697698
PSNR: 18.064902136675162
SSIM: 0.7427904422970056
