MSE: 64.78696140552995
PSNR: 25.633802745979906
SSIM: 0.9126877815968214
