MSE: 36.93229817708333
PSNR: 30.03937422020799
SSIM: 0.8966196809995183
