MSE: 76.96261067708333
PSNR: 23.82141538088542
SSIM: 0.9327556725379208
