MSE: 91.91868127893518
PSNR: 21.535445631123174
SSIM: 0.8195757508370135
