MSE: 95.64766334978292
PSNR: 19.890674119401034
SSIM: 0.7605673470095345
