MSE: 95.05568720822711
PSNR: 19.487803506630954
SSIM: 0.7855861550279716
