MSE: 81.91383825231482
PSNR: 22.056577617044418
SSIM: 0.8402786631778785
