MSE: 89.19831018518518
PSNR: 17.787180730333635
SSIM: 0.798462377559929
