MSE: 77.23038132598248
PSNR: 23.005297456584742
SSIM: 0.8541848394906264
