MSE: 96.04423246597877
PSNR: 19.051747312795968
SSIM: 0.8157157902176654
