MSE: 77.89910068426198
PSNR: 20.331511568820382
SSIM: 0.7775240800862546
