MSE: 92.82003646503647
PSNR: 20.16039667170512
SSIM: 0.8262531559385394
