MSE: 79.5085568576389
PSNR: 19.897431283827565
SSIM: 0.665737525421873
