MSE: 83.88073893229166
PSNR: 22.400653528663952
SSIM: 0.8448661969665787
