MSE: 86.73130989150233
PSNR: 19.5287824812084
SSIM: 0.715784019871136
