MSE: 79.822509765625
PSNR: 22.634675124266728
SSIM: 0.8224758857655003
