MSE: 83.10170396544954
PSNR: 20.003595700088994
SSIM: 0.7858685162769049
