MSE: 89.42555555555556
PSNR: 21.745955411720267
SSIM: 0.7697900595865755
