MSE: 65.75475819842258
PSNR: 23.762049631497725
SSIM: 0.7421636529070305
