MSE: 100.65619755497686
PSNR: 18.273909456248308
SSIM: 0.7936282932494553
