MSE: 99.19514772405994
PSNR: 18.153517878928064
SSIM: 0.7270733355146541
