MSE: 78.82550478524743
PSNR: 21.528530764189732
SSIM: 0.7681533842677449
