MSE: 98.80627227227227
PSNR: 18.980518607049948
SSIM: 0.6949686624088329
