MSE: 80.99734403460837
PSNR: 19.49107455796183
SSIM: 0.8300931420286873
