MSE: 96.09043097625971
PSNR: 19.672328336391548
SSIM: 0.720412829788727
