MSE: 97.13912651909722
PSNR: 20.3918774048041
SSIM: 0.7755797531148074
