MSE: 62.647208839699076
PSNR: 23.820947798967296
SSIM: 0.8602895189495229
