MSE: 67.74683911111111
PSNR: 23.494370533578646
SSIM: 0.8737312312960489
