MSE: 98.25490993923611
PSNR: 17.80201750622171
SSIM: 0.7681062340398563
