MSE: 87.3184238312823
PSNR: 21.36917792364153
SSIM: 0.7947613988456975
