MSE: 83.29871537950304
PSNR: 19.984405585805675
SSIM: 0.7748551273743184
