MSE: 82.8433203125
PSNR: 22.18616921687004
SSIM: 0.8066492183886086
