MSE: 96.85325141340718
PSNR: 18.047534660844196
SSIM: 0.8219381877732855
