MSE: 95.4672619047619
PSNR: 19.349315254238423
SSIM: 0.6738245240550961
