MSE: 100.3502951388889
PSNR: 19.429896952208754
SSIM: 0.7962794052855785
