MSE: 80.89792674521432
PSNR: 21.237874247779907
SSIM: 0.782839672524083
