MSE: 92.45682776485715
PSNR: 18.695191873365708
SSIM: 0.8090549963893624
