MSE: 95.15249403410745
PSNR: 18.413429461434326
SSIM: 0.832571478712695
