MSE: 75.81450629340277
PSNR: 22.809249035946543
SSIM: 0.8111122955770306
