MSE: 90.93476888020834
PSNR: 21.034170533725025
SSIM: 0.7957823659161946
