MSE: 99.21308051215277
PSNR: 17.62047517532083
SSIM: 0.7977138542962647
