MSE: 95.80174479166666
PSNR: 21.05379880986466
SSIM: 0.880603963295917
