MSE: 99.84601528134164
PSNR: 18.181321518081443
SSIM: 0.762540438781174
