MSE: 96.95967967967968
PSNR: 19.319929114812208
SSIM: 0.7876856280327695
