MSE: 80.57782708645678
PSNR: 19.344115344666687
SSIM: 0.7702571284797225
