MSE: 85.70838433159722
PSNR: 23.46807612564585
SSIM: 0.8062291706762806
