MSE: 71.25818639927537
PSNR: 22.528781809002165
SSIM: 0.7066641041972989
