MSE: 71.37562897858797
PSNR: 21.333792407391346
SSIM: 0.6588225075482818
