MSE: 67.63350979845825
PSNR: 22.13800919368618
SSIM: 0.7584600405183095
