MSE: 88.90214532283159
PSNR: 20.413726756732835
SSIM: 0.7103814805620056
