MSE: 83.44726164641203
PSNR: 19.729383889847302
SSIM: 0.8689526896758241
