MSE: 66.62298972800926
PSNR: 24.885657856670967
SSIM: 0.8567239242155562
