MSE: 94.29019733333334
PSNR: 19.987062431221027
SSIM: 0.7692403957267597
