MSE: 92.6273840877915
PSNR: 18.20284298891326
SSIM: 0.7671553935349937
