MSE: 88.14848448448448
PSNR: 20.465617742819695
SSIM: 0.7115846220721903
