MSE: 99.46445077105575
PSNR: 20.233463993410655
SSIM: 0.7396428524032842
