MSE: 47.01890335648148
PSNR: 26.01586998985761
SSIM: 0.9184594423699864
