MSE: 64.00143012152778
PSNR: 26.017201331610885
SSIM: 0.8565131350862053
