MSE: 87.10494623414692
PSNR: 23.062481738239672
SSIM: 0.8873883937883713
