MSE: 92.72915911111112
PSNR: 20.36227906714177
SSIM: 0.7668914821615509
