MSE: 89.99704536604361
PSNR: 20.095193372956782
SSIM: 0.817168978719678
