MSE: 84.16047055844908
PSNR: 18.828879125696663
SSIM: 0.8242698966845848
