MSE: 100.01517686631945
PSNR: 17.605960476324416
SSIM: 0.7937243294423979
