MSE: 76.37811286133694
PSNR: 20.469540457727547
SSIM: 0.8541777004051054
