MSE: 97.90343364197531
PSNR: 17.937438204050174
SSIM: 0.772205076830704
