MSE: 95.78024739583333
PSNR: 20.095405727545916
SSIM: 0.8027220227105065
