MSE: 95.5644997829861
PSNR: 19.936285217482723
SSIM: 0.791912710043191
