MSE: 92.1738125614237
PSNR: 21.754550997611265
SSIM: 0.7612511434043941
