MSE: 96.5060915798611
PSNR: 19.796862111096175
SSIM: 0.8361999101272316
