MSE: 97.75154488888889
PSNR: 19.201766647151597
SSIM: 0.7772820431784028
