MSE: 74.54192966608029
PSNR: 21.52033201611106
SSIM: 0.7246429974983005
