MSE: 87.14398842610218
PSNR: 18.709820995283465
SSIM: 0.7630808888981765
