MSE: 96.61742672627919
PSNR: 17.905155598068646
SSIM: 0.8432530740600824
