MSE: 96.64254411554411
PSNR: 18.354022773817718
SSIM: 0.8295944411782058
