MSE: 47.76428566261574
PSNR: 24.70211864173748
SSIM: 0.7610367530408015
