MSE: 91.36756944444444
PSNR: 21.241028874679664
SSIM: 0.7727077214305652
