MSE: 92.07916666666667
PSNR: 21.307171386672334
SSIM: 0.7876793499213742
