MSE: 91.08143685854529
PSNR: 19.976043262188064
SSIM: 0.8366756471210124
