MSE: 76.7218359375
PSNR: 21.65111279836014
SSIM: 0.7736022424445287
