MSE: 69.70504355555556
PSNR: 23.798678932919227
SSIM: 0.8618787657332162
