MSE: 64.73454044444445
PSNR: 24.695929731253223
SSIM: 0.8504331616472841
