MSE: 98.5851537181713
PSNR: 20.171360302283222
SSIM: 0.8461738035506555
