MSE: 84.70252170138889
PSNR: 22.782989608614905
SSIM: 0.8353265766497627
