MSE: 88.35184219624553
PSNR: 20.012351028362907
SSIM: 0.7845835160192544
