MSE: 94.82186343486343
PSNR: 18.700082911816487
SSIM: 0.814924268063856
