MSE: 91.36992560492621
PSNR: 21.225237653694773
SSIM: 0.8151584025801214
