MSE: 97.32488888888889
PSNR: 18.694466520909266
SSIM: 0.7674079222919881
