MSE: 69.514326171875
PSNR: 23.706096327809533
SSIM: 0.7888944270955959
