MSE: 86.94467339409722
PSNR: 21.20173455553256
SSIM: 0.8783397659581116
