MSE: 94.11649459339846
PSNR: 18.486354114994
SSIM: 0.7552744910071366
