MSE: 79.98951325876095
PSNR: 18.347686610705683
SSIM: 0.7930529020915621
