MSE: 100.88298997243608
PSNR: 16.97758727795655
SSIM: 0.7416552216202831
