MSE: 96.76112485532407
PSNR: 19.00825517981809
SSIM: 0.8131389991716679
