MSE: 94.04849777777778
PSNR: 19.871027542085866
SSIM: 0.7671080498626254
