MSE: 88.78585904535865
PSNR: 20.015070839841975
SSIM: 0.8536002272116017
