MSE: 91.74370341770341
PSNR: 20.23908431035864
SSIM: 0.879566262507464
