MSE: 84.2353634982639
PSNR: 22.413979508690094
SSIM: 0.8236894383420689
