MSE: 90.91705761316872
PSNR: 19.74261792704062
SSIM: 0.8209255391949274
