MSE: 90.24525142857142
PSNR: 21.190506165906005
SSIM: 0.825798624232898
