MSE: 93.59895132568263
PSNR: 21.815702012990172
SSIM: 0.6504045902256596
