MSE: 97.23604528356482
PSNR: 18.85640069486348
SSIM: 0.7699080132597849
