MSE: 63.48587420428241
PSNR: 26.171854619022756
SSIM: 0.9040293602792479
