MSE: 87.32715386284723
PSNR: 21.799897616387756
SSIM: 0.8441845845226482
