MSE: 93.90871831037515
PSNR: 18.64423136897929
SSIM: 0.7741545200484721
