MSE: 87.39871853706022
PSNR: 18.325274538755984
SSIM: 0.687468606691271
