MSE: 66.74591905381945
PSNR: 22.237463814914854
SSIM: 0.7106773183215364
