MSE: 81.90183834876544
PSNR: 22.706206910540825
SSIM: 0.9297337837277652
