MSE: 96.53358395989974
PSNR: 18.601209739283302
SSIM: 0.7411783209973152
