MSE: 98.00814126522702
PSNR: 21.00416947303847
SSIM: 0.8428781157326908
