MSE: 97.78453358926969
PSNR: 17.317271918030983
SSIM: 0.7826153377417387
