MSE: 91.79937208412211
PSNR: 19.672321727029054
SSIM: 0.750327215273912
