MSE: 83.47359592013889
PSNR: 23.17846420700524
SSIM: 0.8508098004778047
