MSE: 87.40126752981867
PSNR: 21.260955288197835
SSIM: 0.8408610472016184
