MSE: 98.98128888888888
PSNR: 18.6276996485122
SSIM: 0.7692872074913925
