MSE: 90.431087905278
PSNR: 18.61416179114741
SSIM: 0.748815416008632
