MSE: 95.40778051633166
PSNR: 18.85943593952006
SSIM: 0.786704900900042
