MSE: 92.05583984375
PSNR: 19.613884399175628
SSIM: 0.8133540530399745
