MSE: 95.03750803212851
PSNR: 17.699989375373157
SSIM: 0.8159657776648599
