MSE: 85.01563663003662
PSNR: 19.018159744294817
SSIM: 0.7873495129875107
