MSE: 82.81074134199135
PSNR: 20.41049056025553
SSIM: 0.8174728363962388
