MSE: 55.14204029224537
PSNR: 24.811533611544725
SSIM: 0.7460752189986772
