MSE: 79.84291124131944
PSNR: 20.75905435467623
SSIM: 0.766347171841192
