MSE: 76.3182471111111
PSNR: 21.978977829809864
SSIM: 0.8158156291788646
