MSE: 81.53152923031969
PSNR: 22.846614919625306
SSIM: 0.8356905695879001
