MSE: 63.64701099537037
PSNR: 24.373165712535368
SSIM: 0.9271479263000227
