MSE: 101.891279296875
PSNR: 19.11979466005925
SSIM: 0.7808735574712303
