MSE: 78.80027494252873
PSNR: 23.67899843988301
SSIM: 0.8921053168621617
