MSE: 81.4275658275463
PSNR: 19.21347526456645
SSIM: 0.8819582863349326
