MSE: 98.70707899305556
PSNR: 19.619386749011323
SSIM: 0.7959602322388841
