MSE: 75.55281286168982
PSNR: 23.339154490169673
SSIM: 0.9178663044898264
