MSE: 103.02605155555555
PSNR: 18.621077603886334
SSIM: 0.6892593846961698
