MSE: 88.94604890046297
PSNR: 20.070933660739648
SSIM: 0.8228304251321684
