MSE: 97.27217622011374
PSNR: 17.578941957862806
SSIM: 0.8319204416804361
