MSE: 67.9124663563535
PSNR: 22.762959524475235
SSIM: 0.733441181975998
