MSE: 92.17065414951989
PSNR: 21.491243025447737
SSIM: 0.7816264426825743
