MSE: 89.7326808449074
PSNR: 19.226842903856742
SSIM: 0.849340627959903
