MSE: 92.05053632561794
PSNR: 21.66165420789494
SSIM: 0.8355391682855413
