MSE: 94.3914474826389
PSNR: 21.70394350063312
SSIM: 0.8375447548263947
