MSE: 71.18842844444444
PSNR: 23.55852067362718
SSIM: 0.8616087086149212
