MSE: 64.55203233506944
PSNR: 26.872083068403455
SSIM: 0.9009094117835276
