MSE: 94.82565816186558
PSNR: 19.910172757856873
SSIM: 0.8169263970437823
