MSE: 85.2675015015015
PSNR: 18.82738192088737
SSIM: 0.7730076023092004
