MSE: 84.20553168402778
PSNR: 21.042156396445336
SSIM: 0.8246519496343357
