MSE: 99.34109803921568
PSNR: 17.00493005861969
SSIM: 0.7773299539172888
