MSE: 67.2769140625
PSNR: 25.06339969369227
SSIM: 0.9447215688248322
