MSE: 84.48945545545546
PSNR: 24.910048610971632
SSIM: 0.8325168194479451
