MSE: 95.48959897741148
PSNR: 18.86650326342267
SSIM: 0.8180962248944089
