MSE: 82.872792039801
PSNR: 21.46102963403369
SSIM: 0.8371544182177294
