MSE: 87.66975190904405
PSNR: 20.652451130226808
SSIM: 0.8514648564079539
