MSE: 91.99705078125
PSNR: 19.094718098353965
SSIM: 0.8185988597682602
