MSE: 83.83715169270833
PSNR: 22.13927562601871
SSIM: 0.8043558256659725
