MSE: 86.98515954483966
PSNR: 19.245122336423076
SSIM: 0.7809909361881889
