MSE: 88.86813710879285
PSNR: 18.355220158166944
SSIM: 0.7480882949371318
