MSE: 87.05894639756944
PSNR: 19.62544362567226
SSIM: 0.818606992340272
