MSE: 90.073681640625
PSNR: 20.949307496170135
SSIM: 0.7932401977731948
