MSE: 75.98517201646091
PSNR: 22.244702923804578
SSIM: 0.7229433741809667
