MSE: 97.43720032453936
PSNR: 18.457527103700222
SSIM: 0.8041811188876791
