MSE: 91.314653784219
PSNR: 19.96652442930171
SSIM: 0.8436661182297008
