MSE: 84.01448302469136
PSNR: 23.331802734295614
SSIM: 0.7722414031587509
