MSE: 57.79455837673611
PSNR: 25.933624045116016
SSIM: 0.8456558716748851
