MSE: 73.1213498263889
PSNR: 23.312688664022545
SSIM: 0.8274016802101231
