MSE: 103.02980034722222
PSNR: 18.840152196402652
SSIM: 0.7745512323259346
