MSE: 94.62601998169008
PSNR: 19.12773935702471
SSIM: 0.7324606542078312
