MSE: 94.03454149336503
PSNR: 18.720964192146376
SSIM: 0.7170223070317149
