MSE: 76.45653502974223
PSNR: 17.814551565219514
SSIM: 0.7300377136209578
