MSE: 91.7799584056713
PSNR: 20.170223160128092
SSIM: 0.8240457176407344
