MSE: 89.12513678618858
PSNR: 22.34656145536615
SSIM: 0.7498064386452903
