MSE: 96.98678592878593
PSNR: 18.751582207620054
SSIM: 0.8355246492560919
