MSE: 87.45824187941055
PSNR: 19.061669061983974
SSIM: 0.7568939138594568
