MSE: 92.25913055555556
PSNR: 18.009130294146235
SSIM: 0.7603010361223075
