MSE: 82.76244444444444
PSNR: 22.184823190913438
SSIM: 0.7970848594057465
