MSE: 99.64092013888889
PSNR: 17.798980239760226
SSIM: 0.7370798609056112
