MSE: 88.48836908831909
PSNR: 19.383053283272243
SSIM: 0.862831910123167
