MSE: 95.87989333333333
PSNR: 19.072027839950813
SSIM: 0.7684758010100762
