MSE: 81.8001197193287
PSNR: 19.33862358238433
SSIM: 0.7886194713049836
