MSE: 70.74445855034722
PSNR: 23.06765890555884
SSIM: 0.8342994930316944
