MSE: 94.84376883589998
PSNR: 19.16522538448233
SSIM: 0.8772116828556298
