MSE: 99.67262261284722
PSNR: 19.497095060250984
SSIM: 0.7831595502535746
