MSE: 81.51973170447737
PSNR: 21.76081596421505
SSIM: 0.7823804880666012
