MSE: 89.87158028775467
PSNR: 19.32043627759139
SSIM: 0.7123889933115817
