MSE: 97.15772972972972
PSNR: 18.77660789513167
SSIM: 0.8032098362393919
