MSE: 81.03175840192044
PSNR: 24.382581396371968
SSIM: 0.7875509454677839
