MSE: 95.71267022222223
PSNR: 19.981587932160647
SSIM: 0.7855791493984107
