MSE: 97.02509340827045
PSNR: 17.685740881130375
SSIM: 0.8057872705059176
