MSE: 100.36808852244172
PSNR: 20.628565835545697
SSIM: 0.8190356722332619
