MSE: 75.6893133133133
PSNR: 21.607900573146757
SSIM: 0.757381149705394
