MSE: 99.18531531531532
PSNR: 18.53479648929166
SSIM: 0.7790016049096944
