MSE: 93.14942901450311
PSNR: 22.589891944611857
SSIM: 0.770454241645651
