MSE: 91.68621723312614
PSNR: 20.680104942498012
SSIM: 0.7256610227568322
