MSE: 92.779472
PSNR: 20.86031180977002
SSIM: 0.7579892516787967
