MSE: 72.5119162326389
PSNR: 22.69363030784419
SSIM: 0.8151252439232305
