MSE: 90.82210503472223
PSNR: 21.297584520376915
SSIM: 0.8000745527773443
