MSE: 76.28744225435025
PSNR: 19.99986486953911
SSIM: 0.8009808225350324
