MSE: 91.51101053568779
PSNR: 22.106739818761213
SSIM: 0.7868236859980514
