MSE: 99.28247287326388
PSNR: 17.83218029118965
SSIM: 0.7740160259019655
