MSE: 88.88018133333334
PSNR: 18.098828334752813
SSIM: 0.7801153586732824
