MSE: 99.31020798611111
PSNR: 19.415233113552798
SSIM: 0.7830127870802244
