MSE: 100.35649739583333
PSNR: 16.24168478481235
SSIM: 0.7624655759697213
