MSE: 97.27648370400998
PSNR: 17.712231305610878
SSIM: 0.8192812456967631
