MSE: 73.1062316900452
PSNR: 20.641167501457613
SSIM: 0.8690585302383914
