MSE: 79.34350477430556
PSNR: 21.527178426756564
SSIM: 0.8113863247453668
