MSE: 75.26256293402778
PSNR: 24.74252028164863
SSIM: 0.8908663174830987
