MSE: 95.25530666666667
PSNR: 20.779974397460016
SSIM: 0.7061874928071684
