MSE: 76.84147490685952
PSNR: 22.799990417375078
SSIM: 0.8061278534261901
