MSE: 85.55802848692403
PSNR: 18.75031843479739
SSIM: 0.7756459834852797
