MSE: 95.32475976971573
PSNR: 19.171652296397905
SSIM: 0.7755617735615363
