MSE: 80.5489500144676
PSNR: 23.34356295764173
SSIM: 0.886358322323432
