MSE: 91.09369738656649
PSNR: 19.427687110612727
SSIM: 0.8095253955959366
