MSE: 66.56264550264551
PSNR: 25.19883423575305
SSIM: 0.9019279875503976
