MSE: 99.76683810763889
PSNR: 18.0535739633526
SSIM: 0.7691273981964449
