MSE: 90.54497955555556
PSNR: 20.55286986310371
SSIM: 0.7652879347886019
