MSE: 101.84438021328265
PSNR: 21.368114209688265
SSIM: 0.737806076823203
