MSE: 80.34237168227946
PSNR: 21.924421701506255
SSIM: 0.872806668511657
