MSE: 89.68760233196159
PSNR: 20.353040105037206
SSIM: 0.8214934628023842
