MSE: 86.98183724990267
PSNR: 20.295641492497786
SSIM: 0.8781032405205108
