MSE: 101.26122894322894
PSNR: 17.005883776599948
SSIM: 0.7354669554327623
