MSE: 82.1011044973545
PSNR: 21.89813187239221
SSIM: 0.8488550233044375
