MSE: 87.91901801215278
PSNR: 19.167007601415705
SSIM: 0.7505798077927489
