MSE: 89.78713580246914
PSNR: 21.706246978369002
SSIM: 0.8474132050854649
