MSE: 98.41202002002002
PSNR: 18.188398612020205
SSIM: 0.7797124795256948
