MSE: 95.75650396694819
PSNR: 17.477421206108687
SSIM: 0.826279736792826
