MSE: 98.07608808808808
PSNR: 18.692747991900635
SSIM: 0.7070267512946039
