MSE: 95.76457641025641
PSNR: 18.62253911637051
SSIM: 0.8108623381473276
