MSE: 79.00164930555556
PSNR: 22.145303027420162
SSIM: 0.7179434232011537
