MSE: 55.58415907118056
PSNR: 28.456091252939146
SSIM: 0.8749264216799771
