MSE: 85.61102846454409
PSNR: 18.787755202385597
SSIM: 0.8509918322223012
