MSE: 77.31040355555555
PSNR: 23.08281670973898
SSIM: 0.8449333386910999
