MSE: 81.99567672164352
PSNR: 23.663268959595612
SSIM: 0.8039128375031925
