MSE: 90.26388412723149
PSNR: 19.948889536960138
SSIM: 0.766537518160804
