MSE: 93.51625621890547
PSNR: 20.154601238881284
SSIM: 0.859484891398545
