MSE: 89.60921062476618
PSNR: 19.027335312422462
SSIM: 0.8414114453305309
