MSE: 89.21484323197878
PSNR: 18.788942826542655
SSIM: 0.7220068951322562
