MSE: 60.37206349206349
PSNR: 24.490615231185664
SSIM: 0.7897380269367535
