MSE: 98.9712348578328
PSNR: 17.867821814092714
SSIM: 0.7285342177161803
