MSE: 84.81953826199741
PSNR: 18.811211505812235
SSIM: 0.7951765911680594
