MSE: 95.22893866666666
PSNR: 19.91081718465105
SSIM: 0.7669052968084994
