MSE: 82.38251443700229
PSNR: 20.987470416589584
SSIM: 0.7058987515559267
