MSE: 66.94950211457132
PSNR: 22.65038461682739
SSIM: 0.7255722110075594
