MSE: 93.81200597014926
PSNR: 16.81352097086376
SSIM: 0.7082050309786966
