MSE: 99.52860785590278
PSNR: 19.604805955500787
SSIM: 0.8184305806341965
