MSE: 92.48556886145404
PSNR: 18.246676402751874
SSIM: 0.7265715774543574
