MSE: 96.11558558558559
PSNR: 19.656670703342655
SSIM: 0.764104336674723
