MSE: 78.03257400682294
PSNR: 22.835199229705708
SSIM: 0.7433123517401968
