MSE: 94.60084092881945
PSNR: 19.568270608815045
SSIM: 0.792914492667729
