MSE: 74.0510373263889
PSNR: 23.13032762555323
SSIM: 0.8798791086161192
