MSE: 96.86687608506945
PSNR: 19.486446977950884
SSIM: 0.8434389173014628
