MSE: 91.5320487654321
PSNR: 19.832171502726716
SSIM: 0.8476314523236295
