MSE: 89.60846245659722
PSNR: 21.411719368016485
SSIM: 0.8392924278747241
