MSE: 87.21560980902778
PSNR: 22.26867882739684
SSIM: 0.8108817888905229
