MSE: 79.00464664664665
PSNR: 20.47747357254039
SSIM: 0.7526191844303277
