MSE: 92.55492802372684
PSNR: 18.31107463300509
SSIM: 0.8359281596665894
