MSE: 102.48325790651634
PSNR: 16.875090818467505
SSIM: 0.7778654366398882
