MSE: 97.07703197337963
PSNR: 17.425665731171243
SSIM: 0.75690593194984
