MSE: 102.0463326608779
PSNR: 20.625493143994838
SSIM: 0.6993923433754606
