MSE: 85.09434244791667
PSNR: 22.146012426607303
SSIM: 0.7138753999309163
