MSE: 84.69212911538632
PSNR: 20.233257839415913
SSIM: 0.7002586188759152
