MSE: 66.62328559027777
PSNR: 22.970297060989388
SSIM: 0.8332535495552356
