MSE: 87.42259367638398
PSNR: 19.720802580407796
SSIM: 0.7816514076762622
