MSE: 85.29950300118459
PSNR: 20.46817228245569
SSIM: 0.7133076976412199
