MSE: 97.61069826969828
PSNR: 19.912920584187994
SSIM: 0.7965123191820359
