MSE: 95.37860894097223
PSNR: 20.336185570143854
SSIM: 0.7811421784629408
