MSE: 108.12587565104167
PSNR: 16.953299585660332
SSIM: 0.725478153803146
