MSE: 98.02908708708709
PSNR: 20.577808376130356
SSIM: 0.7726280285922386
