MSE: 84.54111358024691
PSNR: 22.592084560673293
SSIM: 0.7855260981545608
