MSE: 93.51995659722222
PSNR: 18.48568939629873
SSIM: 0.7947927552192616
