MSE: 85.70449867112482
PSNR: 21.272682943625988
SSIM: 0.7396506811738287
