MSE: 97.06066100823045
PSNR: 18.773867679965836
SSIM: 0.8318252639717495
