MSE: 101.40277837063597
PSNR: 17.067315477318832
SSIM: 0.8047607935748712
