MSE: 99.8696871111111
PSNR: 17.35493884288741
SSIM: 0.7794414773505416
