MSE: 75.79230938946759
PSNR: 21.523182410404665
SSIM: 0.8982409154938122
