MSE: 98.88665328414352
PSNR: 19.13479114412977
SSIM: 0.8927057011038869
