MSE: 95.52182255592417
PSNR: 19.8635892187341
SSIM: 0.7879026593477391
