MSE: 74.05275733333333
PSNR: 23.250171398787653
SSIM: 0.8417786200423386
