MSE: 94.83378162783646
PSNR: 19.163237419041973
SSIM: 0.7296406326062367
