MSE: 96.54375434027777
PSNR: 19.866895824488793
SSIM: 0.7951102550830808
