MSE: 83.05704
PSNR: 22.64972286855877
SSIM: 0.8103580891859892
