MSE: 77.16528211805556
PSNR: 20.741622325094283
SSIM: 0.8074637191815577
