MSE: 56.02669415509259
PSNR: 23.26447581538978
SSIM: 0.7454859091925349
