MSE: 81.22420464409723
PSNR: 20.68598716533744
SSIM: 0.79833689822054
