MSE: 100.43088324652778
PSNR: 19.516710559075477
SSIM: 0.7489152508839072
