MSE: 83.56572330799135
PSNR: 19.766794192520557
SSIM: 0.7418962174962486
