MSE: 92.4589039994856
PSNR: 22.072463286319532
SSIM: 0.7698312624685196
