MSE: 91.47868367626886
PSNR: 19.93632581550942
SSIM: 0.8062027572463112
