MSE: 74.49069417317709
PSNR: 22.860216258699598
SSIM: 0.8832956549063784
