MSE: 92.84369319256821
PSNR: 19.374681209622473
SSIM: 0.7807572942041688
