MSE: 95.06801660440017
PSNR: 23.24978091661214
SSIM: 0.8501865517236502
