MSE: 88.8858233173077
PSNR: 19.971547418567937
SSIM: 0.8779035584804452
