MSE: 84.8928049045139
PSNR: 21.45672786168642
SSIM: 0.857092500292102
