MSE: 96.55840494791667
PSNR: 20.49097112960153
SSIM: 0.7727331804235466
