MSE: 88.76927083333334
PSNR: 22.343226384817996
SSIM: 0.7815112522417351
