MSE: 60.84986386386387
PSNR: 27.19502124279968
SSIM: 0.9425875842776769
