MSE: 97.48093532986111
PSNR: 20.98735610865326
SSIM: 0.7839457563408261
