MSE: 86.7207086419753
PSNR: 18.215477804337304
SSIM: 0.7946401172762466
