MSE: 92.23892904761905
PSNR: 19.993086997652465
SSIM: 0.8016510655722792
