MSE: 67.39577835648149
PSNR: 21.75520737152489
SSIM: 0.7143847841871799
