MSE: 97.85358832465278
PSNR: 20.38558951253188
SSIM: 0.7966259995005737
