MSE: 79.03340856481482
PSNR: 23.00673339740261
SSIM: 0.9341149997885941
