MSE: 79.5061693431713
PSNR: 22.203690731190704
SSIM: 0.8824153208495455
