MSE: 66.03424442997685
PSNR: 25.048439281152277
SSIM: 0.9406001343968299
