MSE: 97.81813368055556
PSNR: 20.473467782861483
SSIM: 0.782500477915666
