MSE: 79.9916037326389
PSNR: 20.796954296192066
SSIM: 0.7614324531752438
