MSE: 97.89356087620989
PSNR: 17.613454123498325
SSIM: 0.8256915032849103
