MSE: 100.58382518911664
PSNR: 17.67559362984415
SSIM: 0.8185909860104067
