MSE: 93.28649096579218
PSNR: 19.272408870118277
SSIM: 0.7270769750688802
