MSE: 69.48713363139592
PSNR: 22.89736304715133
SSIM: 0.7142982702929208
