MSE: 95.94973423032407
PSNR: 19.405885528448866
SSIM: 0.7702570941733979
