MSE: 98.40127061631945
PSNR: 19.905023127369063
SSIM: 0.7817606634384884
