MSE: 98.16918506109856
PSNR: 18.055554198897877
SSIM: 0.780920631361922
