MSE: 90.55953708549309
PSNR: 19.314187186632306
SSIM: 0.8474600585877741
