MSE: 94.99175810213546
PSNR: 19.371721794902996
SSIM: 0.7871693490427436
