MSE: 74.65638527199074
PSNR: 22.515468023053554
SSIM: 0.8780628886843319
