MSE: 87.95284639498432
PSNR: 20.42415738608844
SSIM: 0.8160847491105342
