MSE: 95.31260397805212
PSNR: 18.70955106874209
SSIM: 0.8018679758394391
