MSE: 98.90324238683128
PSNR: 19.294114089419054
SSIM: 0.7965261925653104
