MSE: 85.86805374710649
PSNR: 18.311208870214045
SSIM: 0.8686290480196629
