MSE: 91.82885866666666
PSNR: 20.263557995785998
SSIM: 0.7735041949894091
