MSE: 99.51820203993056
PSNR: 17.068363252646947
SSIM: 0.8106312698651422
