MSE: 90.1592327724359
PSNR: 20.123356188988573
SSIM: 0.8714597175750161
