MSE: 78.01307566771484
PSNR: 22.847129978876488
SSIM: 0.8720437420453725
