MSE: 84.53800557149007
PSNR: 20.94783173283107
SSIM: 0.8729285977292193
