MSE: 88.52997569119613
PSNR: 19.982878012030902
SSIM: 0.8505274188573987
