MSE: 94.13224198778238
PSNR: 19.333639223734146
SSIM: 0.7243999184505515
