MSE: 87.04882965464788
PSNR: 20.67937693239991
SSIM: 0.8594658256671153
