MSE: 98.3554968888889
PSNR: 18.914854173757632
SSIM: 0.7694369758862599
