MSE: 102.09954113430447
PSNR: 17.673739210998086
SSIM: 0.6748731697734237
