MSE: 98.38533333333334
PSNR: 18.24324001129085
SSIM: 0.7759873087243582
