MSE: 98.61162233662233
PSNR: 18.56833888191672
SSIM: 0.7814087082974096
