MSE: 97.74586323731138
PSNR: 19.36869574228237
SSIM: 0.8242190847743623
