MSE: 102.80628028028028
PSNR: 17.33658891220106
SSIM: 0.6963334697500265
