MSE: 70.97118923611112
PSNR: 21.846742255511785
SSIM: 0.7032611197228622
