MSE: 66.05293077256944
PSNR: 21.915043846466425
SSIM: 0.7530287114509543
