MSE: 81.20972005208333
PSNR: 21.90312740218911
SSIM: 0.812265606276342
