MSE: 90.62767218282112
PSNR: 17.412453302789412
SSIM: 0.7432579816587862
