MSE: 90.55812931575643
PSNR: 20.43401344745487
SSIM: 0.8330805372958484
