MSE: 88.81120845501322
PSNR: 17.658257777323694
SSIM: 0.7568201630852229
