MSE: 103.20534266528001
PSNR: 16.504929928903213
SSIM: 0.7356623531810783
