MSE: 81.47266493055555
PSNR: 24.042886447366275
SSIM: 0.8088864392969519
