MSE: 95.94559389467592
PSNR: 18.376750459785306
SSIM: 0.8234895404635384
