MSE: 67.99002170713491
PSNR: 22.321296990504695
SSIM: 0.7796041035270407
