MSE: 96.9038635361552
PSNR: 19.839387837213536
SSIM: 0.8364260395446692
