MSE: 82.54719057583507
PSNR: 22.89833656196371
SSIM: 0.8342719221119115
