MSE: 88.99054232804232
PSNR: 21.391196073759033
SSIM: 0.8259353586171368
