MSE: 99.29629505041162
PSNR: 17.684098150967632
SSIM: 0.7708613881247078
