MSE: 96.51436977777777
PSNR: 19.144277247012155
SSIM: 0.7612367989446316
