MSE: 81.27981336805556
PSNR: 19.360749219163765
SSIM: 0.8401980453505872
