MSE: 67.44631431431432
PSNR: 25.183616944119347
SSIM: 0.8681947347823414
