MSE: 76.09346354166667
PSNR: 21.39438832188238
SSIM: 0.696038777171868
