MSE: 85.42540068587105
PSNR: 17.641053351737977
SSIM: 0.7981546659379344
