MSE: 95.64669333333333
PSNR: 19.379650830946282
SSIM: 0.7713329519593152
