MSE: 85.31327862209744
PSNR: 21.21828336907864
SSIM: 0.7836090409253201
