MSE: 98.11188372321185
PSNR: 19.59331824366919
SSIM: 0.7999882414328415
