MSE: 83.11845401263575
PSNR: 19.364929641745306
SSIM: 0.7336801073629907
