MSE: 60.236255318596925
PSNR: 25.75362909441598
SSIM: 0.7299509214775783
