MSE: 98.97728262442129
PSNR: 17.147106258597645
SSIM: 0.7669632680368101
