MSE: 96.87028428819444
PSNR: 20.394332554070065
SSIM: 0.7745809786512524
