MSE: 94.53309257541869
PSNR: 18.390913914949
SSIM: 0.8021253821713697
