MSE: 80.20001777777777
PSNR: 21.91062881100717
SSIM: 0.8114231713703653
