MSE: 55.827735802469135
PSNR: 23.437415738106452
SSIM: 0.7244850633807455
