MSE: 91.59408349328216
PSNR: 18.47022362793785
SSIM: 0.7717323897175986
