MSE: 96.80853484224966
PSNR: 19.375485371640252
SSIM: 0.6441462396317124
