MSE: 97.97628775973459
PSNR: 17.20902876211025
SSIM: 0.8531598842189202
