MSE: 84.35180700231481
PSNR: 23.919077872232176
SSIM: 0.8515314524721926
