MSE: 86.49734575320512
PSNR: 20.762514615499317
SSIM: 0.7867108336175485
