MSE: 94.073776
PSNR: 19.75986528924903
SSIM: 0.7579113198747066
