MSE: 100.13631293402777
PSNR: 19.170779262479442
SSIM: 0.75050598018227
