MSE: 94.33566827697263
PSNR: 16.939723649506075
SSIM: 0.8047737582731673
