MSE: 90.91544053819445
PSNR: 20.744889626015226
SSIM: 0.8580292126552939
