MSE: 83.37839439439439
PSNR: 20.83368824986148
SSIM: 0.6833036688468631
