MSE: 89.20222666666666
PSNR: 19.648707514099733
SSIM: 0.7961802458190802
