MSE: 62.37854854854855
PSNR: 27.59401859512531
SSIM: 0.9465851176048977
