MSE: 84.59850952380953
PSNR: 18.749298261337472
SSIM: 0.8001465662389632
