MSE: 87.78815646701389
PSNR: 19.00564115304497
SSIM: 0.8542502653737457
