MSE: 91.42687391493055
PSNR: 20.167865623077297
SSIM: 0.8126640906887418
