MSE: 99.87117078993056
PSNR: 17.742970014464024
SSIM: 0.8596965284075749
