MSE: 84.25967592592593
PSNR: 21.79509108510153
SSIM: 0.7255300507295862
