MSE: 94.95476164641204
PSNR: 17.17998050637084
SSIM: 0.791701732651211
