MSE: 94.64915364583334
PSNR: 20.253006093273367
SSIM: 0.7595976103255099
