MSE: 75.34540833168285
PSNR: 23.63050791018798
SSIM: 0.705309573981546
