MSE: 83.65423457508732
PSNR: 17.873409355097742
SSIM: 0.7246256364677527
