MSE: 91.39974065500685
PSNR: 19.67342447732696
SSIM: 0.7273074313311696
