MSE: 81.08314453125
PSNR: 21.753229433276143
SSIM: 0.8227405190337631
