MSE: 78.9751845465766
PSNR: 23.106259304718378
SSIM: 0.8562602789515906
