MSE: 89.13140107615894
PSNR: 19.053369436085383
SSIM: 0.7981869438122758
