MSE: 67.70454289218617
PSNR: 24.85004657957954
SSIM: 0.7413987317665199
