MSE: 79.27338071469907
PSNR: 21.04401460655728
SSIM: 0.9181144893168622
