MSE: 77.90986870659722
PSNR: 20.697174194850785
SSIM: 0.9032099892536102
