MSE: 86.00060980902778
PSNR: 21.645061845595258
SSIM: 0.7877337497151267
