MSE: 88.33979058159723
PSNR: 16.953888569499195
SSIM: 0.742571396343728
