MSE: 88.95973573573573
PSNR: 22.161573315496206
SSIM: 0.8618216372941866
