MSE: 94.68622044444444
PSNR: 20.258253419819567
SSIM: 0.8083139782565656
