MSE: 92.10299566209143
PSNR: 21.413722868495945
SSIM: 0.8115374936650089
