MSE: 98.78503365255183
PSNR: 17.32009111043187
SSIM: 0.8125397250235186
