MSE: 98.96362916666666
PSNR: 18.615041664758365
SSIM: 0.7953798762645917
