MSE: 95.26034461152882
PSNR: 19.136126982416364
SSIM: 0.8125952585897135
