MSE: 92.96163519965278
PSNR: 21.14958810173278
SSIM: 0.790034209704478
