MSE: 70.82422822822822
PSNR: 22.181887361945325
SSIM: 0.6880570409318194
