MSE: 68.7139572482639
PSNR: 22.872909132018975
SSIM: 0.9165192458519075
