MSE: 82.31037037037036
PSNR: 19.59011239439981
SSIM: 0.745873207829575
