MSE: 92.73580837673612
PSNR: 20.926787220912505
SSIM: 0.814322651492855
