MSE: 86.1886858974359
PSNR: 20.253773828651937
SSIM: 0.6798535278389868
