MSE: 83.55995454545454
PSNR: 19.704127131320078
SSIM: 0.8209971539884445
