MSE: 88.90740993923612
PSNR: 21.21268613344904
SSIM: 0.8230673366504742
