MSE: 83.01469355683604
PSNR: 21.44995891963315
SSIM: 0.852152554220027
