MSE: 91.52971643518518
PSNR: 18.148722221513097
SSIM: 0.8008088111715305
