MSE: 90.99043149594907
PSNR: 20.038411136568186
SSIM: 0.8437034906755203
