MSE: 105.15778778778778
PSNR: 18.001333965193595
SSIM: 0.7567569744569163
