MSE: 89.48632028112449
PSNR: 18.044618496586708
SSIM: 0.7937440336697934
