MSE: 102.87790321515811
PSNR: 18.72945288640106
SSIM: 0.8174683019475717
