MSE: 86.89795190713102
PSNR: 20.118247984441837
SSIM: 0.7502330226138775
