MSE: 93.64010808724184
PSNR: 18.95890072643
SSIM: 0.7916086773291471
