MSE: 90.43496458333334
PSNR: 20.882828972518087
SSIM: 0.8086537551535412
