MSE: 69.22361508969908
PSNR: 24.302130083241114
SSIM: 0.8931258661819013
