MSE: 97.7934794815584
PSNR: 18.837559596116662
SSIM: 0.8042015824794738
