MSE: 99.95499855324074
PSNR: 17.890394248224027
SSIM: 0.7606052296115801
