MSE: 83.01320963541667
PSNR: 22.85244832842787
SSIM: 0.8124894447504872
