MSE: 98.76649305555556
PSNR: 19.731637406374688
SSIM: 0.815755468148132
