MSE: 78.96373042196426
PSNR: 20.138716947030826
SSIM: 0.8399278368692208
