MSE: 92.46563448907145
PSNR: 20.10300973320359
SSIM: 0.7373225389356456
