MSE: 92.81285192418981
PSNR: 18.955182657841146
SSIM: 0.8079310251656276
