MSE: 93.00952552552553
PSNR: 22.33444830801552
SSIM: 0.8218259247849146
