MSE: 90.8956097826087
PSNR: 19.756283483597237
SSIM: 0.7547381633427405
