MSE: 89.6725815532373
PSNR: 18.953985450004787
SSIM: 0.750862902679646
