MSE: 73.87451269451269
PSNR: 23.043335822706613
SSIM: 0.7189724421216965
