MSE: 95.52732658093927
PSNR: 21.177914695536188
SSIM: 0.7330505871296454
