MSE: 99.07760067730372
PSNR: 16.633750602068773
SSIM: 0.7920105936970053
