MSE: 78.68028622891484
PSNR: 21.230254174573066
SSIM: 0.7030687003237338
