MSE: 94.96332932932933
PSNR: 19.892275379597336
SSIM: 0.743629964734002
