MSE: 97.38613423784561
PSNR: 17.485545411430643
SSIM: 0.8199074361933384
