MSE: 104.14677121893617
PSNR: 16.691525215505457
SSIM: 0.767852224227518
