MSE: 91.09010416666666
PSNR: 20.578482422156974
SSIM: 0.7981077335178526
