MSE: 100.30300672743056
PSNR: 19.63843763215883
SSIM: 0.7929007405384406
