MSE: 89.6265625
PSNR: 20.179878136435466
SSIM: 0.8202555429929387
