MSE: 93.24956945925662
PSNR: 20.685935021257812
SSIM: 0.8033781751840756
