MSE: 73.78315679012346
PSNR: 24.05356751725348
SSIM: 0.696237251416961
