MSE: 79.65619102925723
PSNR: 20.922430476211336
SSIM: 0.8402574291797497
