MSE: 99.48670619047618
PSNR: 17.99329007892969
SSIM: 0.7515535011441186
