MSE: 79.77560991468997
PSNR: 19.20723178635128
SSIM: 0.7352018841326866
