MSE: 82.779652260308
PSNR: 18.694307853182675
SSIM: 0.779981854993265
