MSE: 92.93128047127034
PSNR: 19.10976520570165
SSIM: 0.8570278739299143
