MSE: 87.88798519236617
PSNR: 19.228122106280306
SSIM: 0.7458470858839888
