MSE: 100.80339464229928
PSNR: 15.311535641129879
SSIM: 0.7800934017924637
