MSE: 67.43290690104166
PSNR: 24.01621317071941
SSIM: 0.8321659279527491
