MSE: 76.66263997395833
PSNR: 22.775413408217226
SSIM: 0.7989748839592661
