MSE: 92.10683225699619
PSNR: 18.940933206504877
SSIM: 0.8084030423471941
