MSE: 89.28518421512136
PSNR: 18.916048714042162
SSIM: 0.8665605574393088
