MSE: 96.54765786278081
PSNR: 18.140017802311654
SSIM: 0.748255042790698
