MSE: 94.72725206024438
PSNR: 19.3682468803963
SSIM: 0.7256897799697569
