MSE: 88.08355452674897
PSNR: 18.644845579967495
SSIM: 0.8508218094719799
