MSE: 86.27391481481482
PSNR: 18.991746797428355
SSIM: 0.8180993927605927
