MSE: 84.02016493055555
PSNR: 22.615752684119652
SSIM: 0.8097131041397114
