MSE: 72.89630706318982
PSNR: 20.956126410799673
SSIM: 0.7334559981452732
