MSE: 100.00337263522515
PSNR: 16.747961329444916
SSIM: 0.7566385013688938
