MSE: 61.98043731138546
PSNR: 27.573002272493895
SSIM: 0.8775275289437444
