MSE: 97.61525318287038
PSNR: 17.445992705006127
SSIM: 0.7821589992578479
