MSE: 91.26155707465277
PSNR: 21.42601388294603
SSIM: 0.9124200044024233
