MSE: 102.51600766782407
PSNR: 16.539084575721233
SSIM: 0.7644584550031288
