MSE: 92.56759111111111
PSNR: 20.32803887613254
SSIM: 0.7576225552030503
