MSE: 96.86507486979167
PSNR: 18.581145937412302
SSIM: 0.7664330491000966
