MSE: 78.19023761904762
PSNR: 20.791544828635914
SSIM: 0.7661537423721967
