MSE: 85.4110613086038
PSNR: 18.785222058471255
SSIM: 0.7782508404647235
