MSE: 99.86146713450293
PSNR: 17.351249437552898
SSIM: 0.8342772777019526
