MSE: 93.06827578347578
PSNR: 19.551064650822912
SSIM: 0.8781929465728471
