MSE: 75.49320276448833
PSNR: 20.89851951105624
SSIM: 0.7316532353247099
