MSE: 76.84539985459833
PSNR: 17.95973568374727
SSIM: 0.6967016614953646
