MSE: 84.77998755555555
PSNR: 20.85947070263387
SSIM: 0.7834991434622482
