MSE: 70.6300885620915
PSNR: 22.86583422263366
SSIM: 0.6929762767753015
