MSE: 94.05185974827336
PSNR: 18.253084617947405
SSIM: 0.8504432878393186
