MSE: 91.37488972486112
PSNR: 19.80377770650513
SSIM: 0.7631897943508109
