MSE: 77.38785222788475
PSNR: 24.34642788884203
SSIM: 0.7463995150691698
