MSE: 88.47568359289797
PSNR: 21.4707599350084
SSIM: 0.8414767029229329
