MSE: 78.4016796875
PSNR: 23.52048524091591
SSIM: 0.8399889867378999
