MSE: 85.44268863856493
PSNR: 22.836421669244853
SSIM: 0.767477185591042
