MSE: 88.11004476190476
PSNR: 21.20983114308269
SSIM: 0.8387682785272608
