MSE: 50.779934640522875
PSNR: 27.88357248404942
SSIM: 0.9081122463481269
