MSE: 90.6082209834346
PSNR: 20.760258296360178
SSIM: 0.8270523446725305
