MSE: 97.80815691645057
PSNR: 17.192205633005845
SSIM: 0.7861085602522514
