MSE: 73.09090711805555
PSNR: 20.941758273355372
SSIM: 0.8751934741558672
