MSE: 92.47596752025463
PSNR: 22.929683669891936
SSIM: 0.8618684236110088
