MSE: 83.69983470775463
PSNR: 21.64486077068738
SSIM: 0.8604479674702646
