MSE: 95.30300622222222
PSNR: 20.29324226740527
SSIM: 0.7488469884956537
