MSE: 95.64396596596596
PSNR: 16.80886046578396
SSIM: 0.7131455193898958
