MSE: 88.67981179698216
PSNR: 19.88676371690677
SSIM: 0.6747818736418679
