MSE: 96.50023687372897
PSNR: 18.97065541213203
SSIM: 0.7748200373030008
