MSE: 94.9762127541075
PSNR: 18.761540432883557
SSIM: 0.8143149912046753
