MSE: 98.10746315615168
PSNR: 18.265155292711707
SSIM: 0.6985505535548316
