MSE: 90.25157552083333
PSNR: 20.124276771902206
SSIM: 0.7387102114605248
