MSE: 95.56204181247287
PSNR: 19.941098041613223
SSIM: 0.7970828785054453
