MSE: 67.69506747592389
PSNR: 24.114406837901214
SSIM: 0.7326818278508216
