MSE: 80.30673194444445
PSNR: 19.429604730085824
SSIM: 0.7319725657662118
