MSE: 97.02095829903978
PSNR: 18.810428767744916
SSIM: 0.818603207373313
