MSE: 97.25708508508508
PSNR: 19.41369406707434
SSIM: 0.7741675815843307
