MSE: 70.9675356079932
PSNR: 23.080493568065986
SSIM: 0.7432916037117989
