MSE: 76.93874555396295
PSNR: 22.578649268503654
SSIM: 0.7318615814851688
