MSE: 63.332813585069445
PSNR: 25.029772871101514
SSIM: 0.8377201184184017
