MSE: 92.19142916666667
PSNR: 20.44216641090881
SSIM: 0.8622937472137493
