MSE: 71.19958358358359
PSNR: 24.540686605672324
SSIM: 0.8881029539229472
