MSE: 93.24605419022345
PSNR: 18.275782712217882
SSIM: 0.8520899179279645
