MSE: 95.04588473485431
PSNR: 20.870656163542623
SSIM: 0.7584965124599207
