MSE: 88.22950396825397
PSNR: 21.072904021763172
SSIM: 0.8085725187901213
