MSE: 75.98121202256945
PSNR: 18.580284552535083
SSIM: 0.7862080328781653
