MSE: 96.61747976680384
PSNR: 17.60365688977444
SSIM: 0.8466041191168162
