MSE: 94.7422637746198
PSNR: 19.704714168381063
SSIM: 0.8174649415372285
