MSE: 93.21997395833333
PSNR: 20.08576157312978
SSIM: 0.7894745791032031
