MSE: 84.48802614379085
PSNR: 22.054409020666206
SSIM: 0.7807159525946427
