MSE: 93.10234000015558
PSNR: 21.607095365406998
SSIM: 0.7380650367277214
