MSE: 97.24349913387775
PSNR: 17.66658992539834
SSIM: 0.7917498641521469
