MSE: 88.67273654513889
PSNR: 21.917330122023422
SSIM: 0.8129295190745504
