MSE: 77.97534434000652
PSNR: 20.081902002809876
SSIM: 0.8881515400688583
