MSE: 88.42404622395833
PSNR: 22.20803166313138
SSIM: 0.850220095501616
