MSE: 99.96803305863408
PSNR: 19.21538492362388
SSIM: 0.7229752323340893
