MSE: 84.33813968884475
PSNR: 20.829363929578676
SSIM: 0.749118518889011
