MSE: 75.40847466666666
PSNR: 22.999628986849473
SSIM: 0.8280761732524266
