MSE: 94.42006739928392
PSNR: 19.122403942912793
SSIM: 0.764096494032357
