MSE: 96.30205680941359
PSNR: 16.991164425376628
SSIM: 0.8005062786027194
