MSE: 89.89151020861074
PSNR: 20.76722139600971
SSIM: 0.8207300334825786
