MSE: 102.01894444444444
PSNR: 15.993538289825072
SSIM: 0.7803003108712526
