MSE: 55.23446484375
PSNR: 28.329551393592347
SSIM: 0.8361181642408647
