MSE: 71.61069769965277
PSNR: 23.340914345546217
SSIM: 0.8063015508923518
