MSE: 96.11595084039863
PSNR: 19.664480356384505
SSIM: 0.800008240880267
