MSE: 86.81970885416666
PSNR: 21.745326938815637
SSIM: 0.8101579960987845
