MSE: 83.79234157986112
PSNR: 21.90984852291197
SSIM: 0.8419661798212009
