MSE: 96.25045355902778
PSNR: 19.480319686347094
SSIM: 0.8215704673358862
