MSE: 94.21340358744395
PSNR: 19.235897492093578
SSIM: 0.8720879382438557
