MSE: 92.48527669270834
PSNR: 19.02817327315957
SSIM: 0.7803688149996953
