MSE: 93.30469443387854
PSNR: 19.69298901109464
SSIM: 0.8175363006084023
