MSE: 80.4140191039482
PSNR: 22.686826149311855
SSIM: 0.8588200497120103
