MSE: 77.09058159722223
PSNR: 23.837098511444648
SSIM: 0.8387451887428649
