MSE: 89.43385730123535
PSNR: 19.802977477669803
SSIM: 0.821955345335304
