MSE: 95.21158141517476
PSNR: 19.027457158475833
SSIM: 0.7683525921454183
