MSE: 73.94638635706019
PSNR: 26.15628525690683
SSIM: 0.8585351602209655
