MSE: 75.95793388203018
PSNR: 22.110159143209852
SSIM: 0.8419689097711726
