MSE: 67.01652132534731
PSNR: 23.894722078759372
SSIM: 0.7051903417162455
