MSE: 92.76104893268855
PSNR: 19.073668517809192
SSIM: 0.7550496339153022
