MSE: 81.97485315308714
PSNR: 20.833774316612605
SSIM: 0.7455229545364771
