MSE: 91.61362133562133
PSNR: 18.42271163629307
SSIM: 0.8412241694530026
