MSE: 91.61069345238096
PSNR: 18.366533315660288
SSIM: 0.7737372581717513
