MSE: 87.56019318266577
PSNR: 19.607716773302325
SSIM: 0.7787875592895848
