MSE: 81.3510099271904
PSNR: 22.08411473114751
SSIM: 0.853823538603752
