MSE: 97.41568
PSNR: 19.192251744720583
SSIM: 0.7760365929921443
