MSE: 84.89557725694445
PSNR: 20.810653414790906
SSIM: 0.8131155710270185
