MSE: 100.24544452181988
PSNR: 20.289297360279278
SSIM: 0.7403443587202577
