MSE: 87.48719682804897
PSNR: 20.630496453433878
SSIM: 0.8180778606228499
