MSE: 87.69278162732616
PSNR: 20.222660998306146
SSIM: 0.7499036280966219
