MSE: 90.78377904761905
PSNR: 20.662632793716412
SSIM: 0.8792314950108656
