MSE: 69.14613409624413
PSNR: 23.239072726418875
SSIM: 0.8547824294089654
