MSE: 100.62474244805308
PSNR: 17.02156822588879
SSIM: 0.8039681241534228
