MSE: 89.13894356621637
PSNR: 21.232683182018427
SSIM: 0.7856863080836956
