MSE: 82.07246376811594
PSNR: 20.830496639542176
SSIM: 0.8090456558769211
