MSE: 90.22020266666667
PSNR: 19.31892463454109
SSIM: 0.7641324270258284
