MSE: 97.9004904904905
PSNR: 17.909131839970932
SSIM: 0.8363988675986604
