MSE: 77.95789934640523
PSNR: 25.727937628991796
SSIM: 0.9040799608075399
