MSE: 85.15735833333333
PSNR: 20.425777826207007
SSIM: 0.765827235123484
