MSE: 81.07370404277621
PSNR: 21.157335444112533
SSIM: 0.7241945203942585
