MSE: 40.23087348090278
PSNR: 28.549836916147065
SSIM: 0.8856321181218799
