MSE: 99.51142047619048
PSNR: 18.520901236075623
SSIM: 0.8173957217707138
