MSE: 83.2891304347826
PSNR: 20.63638629999847
SSIM: 0.8599737705562339
