MSE: 84.116857421875
PSNR: 18.38666533998391
SSIM: 0.7370472653754071
