MSE: 81.6741116078821
PSNR: 21.641448815210786
SSIM: 0.7004743812753413
