MSE: 98.35271976687713
PSNR: 17.21750859991925
SSIM: 0.6983480336536875
