MSE: 80.86191015089163
PSNR: 19.316108166214583
SSIM: 0.8037656487465638
