MSE: 73.91212403839158
PSNR: 21.450413615612305
SSIM: 0.7320633365797561
