MSE: 66.21272355555556
PSNR: 24.145181657284457
SSIM: 0.83474792292222
