MSE: 99.1199685329861
PSNR: 19.717454206924984
SSIM: 0.7879301514580815
