MSE: 73.64052369859483
PSNR: 25.18855786074104
SSIM: 0.8615965235339065
