MSE: 95.58072690972222
PSNR: 18.992873561679193
SSIM: 0.796475499248955
