MSE: 103.36681749131944
PSNR: 16.145994903648933
SSIM: 0.6772677465991493
