MSE: 100.19216112370874
PSNR: 23.623094900464793
SSIM: 0.8288782193787689
