MSE: 92.04823697752573
PSNR: 19.844326916295614
SSIM: 0.7601293042650213
