MSE: 97.92961404261405
PSNR: 18.755499794219887
SSIM: 0.8238950260280523
