MSE: 100.04596954096954
PSNR: 16.77908706318622
SSIM: 0.7807697466321165
