MSE: 75.59248155381944
PSNR: 23.894468297464165
SSIM: 0.8883387071640616
