MSE: 101.32645471014493
PSNR: 17.63543852263397
SSIM: 0.7100780647519126
