MSE: 96.4520476519337
PSNR: 19.054632949717224
SSIM: 0.869354238359973
