MSE: 81.13632980246207
PSNR: 21.029160927492086
SSIM: 0.8581214759187493
