MSE: 79.96409768334071
PSNR: 19.145910021235217
SSIM: 0.7047907245074044
