MSE: 93.67362408127973
PSNR: 20.077399955271883
SSIM: 0.7993339114290428
