MSE: 77.03239577836412
PSNR: 22.099208070615678
SSIM: 0.8287169674080808
