MSE: 96.28225224247686
PSNR: 17.599523726258298
SSIM: 0.8514863006551971
