MSE: 88.80546337157988
PSNR: 20.066226670614355
SSIM: 0.7931331247220971
