MSE: 71.22663881655093
PSNR: 20.785352330336913
SSIM: 0.7026044436348324
