MSE: 59.85354587542088
PSNR: 21.59186087525366
SSIM: 0.7531903810813437
