MSE: 82.85325846354166
PSNR: 22.25361063388683
SSIM: 0.8709093419985569
