MSE: 93.80064307636287
PSNR: 17.2378576073872
SSIM: 0.7304153661746735
