MSE: 71.2802399691358
PSNR: 23.429684496808143
SSIM: 0.8172002443824903
