MSE: 94.67460394965278
PSNR: 19.08198302729139
SSIM: 0.8152045730167519
