MSE: 98.3607787512168
PSNR: 17.95335267495816
SSIM: 0.7893796175219188
