MSE: 68.37982933333333
PSNR: 23.83502846992109
SSIM: 0.8258634412266938
