MSE: 97.67688693576389
PSNR: 20.51957908878473
SSIM: 0.7850604603205619
