MSE: 95.46785481770833
PSNR: 18.544803882693284
SSIM: 0.8370684973855077
