MSE: 81.75614040798611
PSNR: 22.14166771163249
SSIM: 0.8189076412436243
