MSE: 82.65801215277777
PSNR: 21.38215434288768
SSIM: 0.8172144084858223
