MSE: 96.49499710648148
PSNR: 18.40745803011185
SSIM: 0.8128406531771669
