MSE: 88.99970238095239
PSNR: 18.606078812384624
SSIM: 0.7648096594278838
