MSE: 99.79229062781188
PSNR: 19.196549961150033
SSIM: 0.7144148779294847
