MSE: 83.81952256944444
PSNR: 22.934658925698134
SSIM: 0.8040032394315758
