MSE: 93.4012291626127
PSNR: 18.514038948225167
SSIM: 0.8639567369977409
