MSE: 93.93560754651365
PSNR: 19.340984201462486
SSIM: 0.8704810751167323
