MSE: 88.74088888888889
PSNR: 19.692238343279275
SSIM: 0.812035212342851
