MSE: 89.43597624037001
PSNR: 18.42288055776684
SSIM: 0.8502144403874494
