MSE: 89.03116501946691
PSNR: 20.922915871175682
SSIM: 0.8137087248964608
