MSE: 91.65227130745203
PSNR: 21.403791094588982
SSIM: 0.7541608933963165
