MSE: 87.75984917534723
PSNR: 18.68828680602521
SSIM: 0.7687600155910452
