MSE: 69.3052712673611
PSNR: 24.051256002300274
SSIM: 0.8611048600924787
