MSE: 92.63245511111111
PSNR: 19.46110011801833
SSIM: 0.8152037895643337
