MSE: 72.76453237436165
PSNR: 22.82121642715211
SSIM: 0.7735490908850524
