MSE: 91.21247962247962
PSNR: 20.51935829752783
SSIM: 0.8703235655362841
