MSE: 80.61980685131195
PSNR: 23.53497541321486
SSIM: 0.8683930276768536
