MSE: 89.0580937037037
PSNR: 18.042707152527115
SSIM: 0.7795759052103269
