MSE: 89.45887912326388
PSNR: 19.5096224443547
SSIM: 0.8023091744770904
