MSE: 97.03551033893035
PSNR: 18.445790642577617
SSIM: 0.7576842188269689
