MSE: 85.35104177777778
PSNR: 21.096231550087676
SSIM: 0.7941730788756333
