MSE: 83.31519965277778
PSNR: 21.78012140732337
SSIM: 0.810257455827568
