MSE: 73.85805518518518
PSNR: 21.96208203711585
SSIM: 0.7726602512561142
