MSE: 90.76551234567901
PSNR: 20.334888563390233
SSIM: 0.8306467534256408
