MSE: 79.61035481770833
PSNR: 21.394650551697115
SSIM: 0.8117270950906933
