MSE: 90.41606078431373
PSNR: 21.819043361001537
SSIM: 0.8306288868339776
