MSE: 93.7511499608524
PSNR: 21.013652966365544
SSIM: 0.8399582266359026
