MSE: 96.13001085069445
PSNR: 20.231543168665233
SSIM: 0.7738635951268188
