MSE: 101.72519868911621
PSNR: 17.407161434010654
SSIM: 0.7547786532315239
