MSE: 88.28496636284723
PSNR: 21.110574350673087
SSIM: 0.7974697345606585
