MSE: 92.86767680303703
PSNR: 18.45845046435163
SSIM: 0.7988044072905973
