MSE: 70.59636800130208
PSNR: 21.79122218508271
SSIM: 0.7079696179090497
