MSE: 96.44473391339538
PSNR: 17.98985015633139
SSIM: 0.8081315914047483
