MSE: 81.11487293956044
PSNR: 21.14056652698103
SSIM: 0.8836031466263203
