MSE: 93.28832486435121
PSNR: 19.114705198506424
SSIM: 0.8067634038295967
