MSE: 80.13854611690677
PSNR: 20.554479872598094
SSIM: 0.7582954335192577
