MSE: 98.7969029029029
PSNR: 17.725913494104123
SSIM: 0.6916470750191941
