MSE: 93.76244708994709
PSNR: 18.91416279722389
SSIM: 0.8153548348210379
