MSE: 91.84235524336309
PSNR: 19.828986005004417
SSIM: 0.7860570854411361
