MSE: 94.50588216145833
PSNR: 20.142536520715886
SSIM: 0.7706194890992207
