MSE: 78.37776475694444
PSNR: 22.034115739297427
SSIM: 0.8172923960166812
