MSE: 90.81325932778292
PSNR: 18.07967133931613
SSIM: 0.7117827378044063
