MSE: 90.03437008437008
PSNR: 19.272102794615336
SSIM: 0.8271267926605
