MSE: 79.70578106678107
PSNR: 23.943425575140374
SSIM: 0.8450215359399689
