MSE: 97.14349066840278
PSNR: 18.996277518281374
SSIM: 0.7942769862014244
