MSE: 72.54068810110958
PSNR: 20.890043620615582
SSIM: 0.7807994422839485
