MSE: 92.64044921875
PSNR: 19.335783050665345
SSIM: 0.843508728285832
