MSE: 78.29588093113193
PSNR: 22.206873260802197
SSIM: 0.8854245490533023
