MSE: 85.67014322916667
PSNR: 19.71656488811714
SSIM: 0.7345583325598245
