MSE: 96.90232869553857
PSNR: 18.57787385792664
SSIM: 0.8406495872961949
