MSE: 85.59156746895312
PSNR: 21.066572941425456
SSIM: 0.8074288959268222
