MSE: 95.73781751945687
PSNR: 19.44993678882511
SSIM: 0.8015877724603512
