MSE: 97.39151173339943
PSNR: 19.42705131347297
SSIM: 0.7410123508129041
