MSE: 97.32414389799635
PSNR: 18.81633165977405
SSIM: 0.7983687114959404
