MSE: 90.34463827838827
PSNR: 19.67431231990511
SSIM: 0.8416568298829635
