MSE: 94.42456621004567
PSNR: 22.267308426788848
SSIM: 0.8092270087801386
