MSE: 100.76697118020464
PSNR: 18.16225678157063
SSIM: 0.7535965809707456
