MSE: 92.19248682742972
PSNR: 21.81785599903179
SSIM: 0.868967170229198
