MSE: 81.74753568319281
PSNR: 22.892948377503096
SSIM: 0.8274429509037441
