MSE: 98.03921544828223
PSNR: 16.573984351405308
SSIM: 0.8299316715956501
