MSE: 96.10072193287037
PSNR: 18.75100930502648
SSIM: 0.804480116225145
