MSE: 73.80991466666667
PSNR: 23.920886414576813
SSIM: 0.8592478302855665
