MSE: 83.53072706588065
PSNR: 18.797497843986164
SSIM: 0.744823654289846
