MSE: 98.5436017243777
PSNR: 17.297339249239553
SSIM: 0.7729658634848312
