MSE: 96.05652481481482
PSNR: 19.394468488202033
SSIM: 0.849779779140555
