MSE: 83.29410133333333
PSNR: 19.638221547740258
SSIM: 0.8004356291658521
