MSE: 58.69277277277277
PSNR: 27.74705450655791
SSIM: 0.7269412430209955
