MSE: 80.91045681423611
PSNR: 21.63393836686275
SSIM: 0.9298751656366698
