MSE: 78.80833803530092
PSNR: 22.88010460691792
SSIM: 0.8743890484101716
