MSE: 88.9937873015873
PSNR: 20.80478835351324
SSIM: 0.7649167064528019
