MSE: 81.16633733411398
PSNR: 20.814011066495507
SSIM: 0.7059156499005663
