MSE: 92.72721896701388
PSNR: 19.39179571293639
SSIM: 0.8625062360239673
