MSE: 97.32306706706707
PSNR: 19.093068829713218
SSIM: 0.6896608586361689
