MSE: 82.70414121292607
PSNR: 19.166545511161097
SSIM: 0.7754928271515746
