MSE: 77.21066209150327
PSNR: 21.80222566678669
SSIM: 0.7035322225388599
