MSE: 93.61246636284723
PSNR: 19.03409967183911
SSIM: 0.7874045600605442
