MSE: 85.11132132132133
PSNR: 19.50444891595145
SSIM: 0.6696798467422713
