MSE: 97.39182180214468
PSNR: 20.733939382272418
SSIM: 0.8280204413287757
