MSE: 75.79722869539972
PSNR: 20.915323153831476
SSIM: 0.7981052064067954
