MSE: 97.79762912326389
PSNR: 19.57374574587655
SSIM: 0.7889599153099368
