MSE: 84.56007441290693
PSNR: 21.632046771706094
SSIM: 0.8305267563823197
