MSE: 82.85284979423868
PSNR: 21.98203609420752
SSIM: 0.7120563285149251
