MSE: 101.77687363057997
PSNR: 18.98704518001974
SSIM: 0.8315772919780787
