MSE: 82.06898814814815
PSNR: 20.145514331302678
SSIM: 0.7752120199833444
