MSE: 69.24109320590178
PSNR: 23.888016318655275
SSIM: 0.779520763633211
