MSE: 86.18616327214231
PSNR: 21.60130856636414
SSIM: 0.8568841231647282
