MSE: 87.736630859375
PSNR: 20.531977569355906
SSIM: 0.8024860983508878
