MSE: 97.79516973144253
PSNR: 17.19404260965345
SSIM: 0.7960916967156022
