MSE: 56.33001193576389
PSNR: 25.92640252454362
SSIM: 0.9453127489780676
