MSE: 99.97324026399299
PSNR: 19.450105985443052
SSIM: 0.7302716339899319
