MSE: 87.63630998956704
PSNR: 22.009943900771564
SSIM: 0.8321025610192065
