MSE: 91.116316632311
PSNR: 19.995389139807433
SSIM: 0.8753204061131412
