MSE: 94.18513422222222
PSNR: 19.545305770945593
SSIM: 0.7901914687923745
