MSE: 82.21921115451389
PSNR: 21.598903237121533
SSIM: 0.8097369360001906
