MSE: 87.21173683449074
PSNR: 21.788748889636995
SSIM: 0.8918804164527602
