MSE: 86.80871450326973
PSNR: 20.858164511341613
SSIM: 0.7916993649429572
