MSE: 98.27655903295248
PSNR: 18.17627198675079
SSIM: 0.7573634310481245
