MSE: 98.60986864996521
PSNR: 17.81599767945212
SSIM: 0.7697957681082522
