MSE: 84.64571614583333
PSNR: 23.007901496395053
SSIM: 0.8082412244922247
