MSE: 96.18709635416667
PSNR: 19.05142494412408
SSIM: 0.8042984735483532
