MSE: 76.08847826086956
PSNR: 22.347157771174885
SSIM: 0.7972851006850902
