MSE: 66.83181206597222
PSNR: 24.06179117041114
SSIM: 0.8322451907106644
