MSE: 97.60613172743055
PSNR: 20.463672482824826
SSIM: 0.7851700708360706
