MSE: 95.11783745659723
PSNR: 20.731905607084983
SSIM: 0.7888212180240699
