MSE: 72.99628129286694
PSNR: 21.64083349922326
SSIM: 0.8457283129560053
