MSE: 102.31560303160303
PSNR: 16.877491135848068
SSIM: 0.7844102375777583
