MSE: 73.4444544813368
PSNR: 20.046970427827265
SSIM: 0.737634178023011
