MSE: 98.03874131944444
PSNR: 21.11639874693865
SSIM: 0.7827727592773117
