MSE: 74.27663863863864
PSNR: 24.200653902919864
SSIM: 0.7270287971559992
