MSE: 98.6578835978836
PSNR: 18.65060226332955
SSIM: 0.7758249499978304
