MSE: 89.61691022222222
PSNR: 19.935697149083374
SSIM: 0.787877581020624
