MSE: 93.76227249710648
PSNR: 17.88871496890847
SSIM: 0.8237948747049195
