MSE: 94.66635561342592
PSNR: 19.59156497561115
SSIM: 0.8184867683676899
