MSE: 77.99926111854826
PSNR: 22.711160603452697
SSIM: 0.8704623712856403
