MSE: 64.75266066066067
PSNR: 24.814951556319087
SSIM: 0.8250980173927561
