MSE: 93.30261059670782
PSNR: 18.720010457133792
SSIM: 0.782324460177724
