MSE: 88.1975309139785
PSNR: 22.213722922031387
SSIM: 0.8195747824035458
