MSE: 81.44802951388888
PSNR: 21.818759859185903
SSIM: 0.8854041478168688
