MSE: 90.97233503211764
PSNR: 19.251202953550116
SSIM: 0.720535116354518
