MSE: 88.93384440104167
PSNR: 22.286172597315254
SSIM: 0.8457983325154216
