MSE: 76.95303781617831
PSNR: 22.22489989265445
SSIM: 0.8458365300761113
