MSE: 84.24290109272876
PSNR: 18.65108057228384
SSIM: 0.8218944476249103
