MSE: 91.18267030681227
PSNR: 20.328471234585646
SSIM: 0.8417561784505706
