MSE: 96.7355490451389
PSNR: 19.840624627861146
SSIM: 0.8057025569889582
