MSE: 94.6469288467352
PSNR: 17.68488621476337
SSIM: 0.7055440233506595
