MSE: 100.06583547727422
PSNR: 17.255979628575176
SSIM: 0.7603236932864182
