MSE: 90.59945334736456
PSNR: 20.127215622870537
SSIM: 0.6900835044677063
