MSE: 100.9209734786979
PSNR: 16.93819444009996
SSIM: 0.7843155366693142
