MSE: 92.80042867601726
PSNR: 18.997334229702226
SSIM: 0.7523471571873706
