MSE: 96.14305616367471
PSNR: 19.422687858083727
SSIM: 0.74820142873561
