MSE: 92.88449049049049
PSNR: 19.37884175011629
SSIM: 0.7363140578244827
