MSE: 64.47172172172172
PSNR: 25.648066654727476
SSIM: 0.8081291223946104
