MSE: 83.2783288888889
PSNR: 22.75673971370836
SSIM: 0.7984677863302426
