MSE: 65.54544343171297
PSNR: 23.272640921023413
SSIM: 0.7707705971088243
