MSE: 95.95997333333334
PSNR: 19.095984455909367
SSIM: 0.7694199954365343
