MSE: 89.11386271766169
PSNR: 20.726468606043458
SSIM: 0.8688411124009127
