MSE: 95.18069010416667
PSNR: 19.0905049800056
SSIM: 0.7783217447695092
