MSE: 89.05287917811356
PSNR: 19.99236377310538
SSIM: 0.8749942817743573
