MSE: 66.12852756076389
PSNR: 23.649377963762923
SSIM: 0.8607322970950634
