MSE: 89.66540183301547
PSNR: 18.09676527301013
SSIM: 0.7827476201165667
