MSE: 71.51513777777778
PSNR: 23.8753783712109
SSIM: 0.8561190150481347
