MSE: 82.23712365591398
PSNR: 20.397965635608006
SSIM: 0.833427142806022
