MSE: 96.73352564805674
PSNR: 17.77124004853821
SSIM: 0.7982968772361206
