MSE: 90.84333481087471
PSNR: 20.996610559561578
SSIM: 0.8202280901073585
