MSE: 48.16867947048611
PSNR: 27.312419326012673
SSIM: 0.9543669575900237
