MSE: 88.64810221354166
PSNR: 21.41092159541198
SSIM: 0.8838964686012581
