MSE: 84.79211072271009
PSNR: 22.757570389686993
SSIM: 0.8095711452631624
