MSE: 80.38426822916666
PSNR: 22.584352363164392
SSIM: 0.8696759613090572
