MSE: 95.51672015531518
PSNR: 19.21974820297855
SSIM: 0.7873706264795182
