MSE: 95.60940256677623
PSNR: 20.477883576741537
SSIM: 0.7555691819485673
