MSE: 81.92132040895062
PSNR: 21.88561901120117
SSIM: 0.7957250367763601
