MSE: 92.51592322780232
PSNR: 19.569009457078337
SSIM: 0.7619451359847539
