MSE: 90.65085105613426
PSNR: 21.883873381469012
SSIM: 0.9262470391422769
