MSE: 59.85578125
PSNR: 25.32090063607714
SSIM: 0.8724218348258382
