MSE: 90.0335078479726
PSNR: 22.62577371259973
SSIM: 0.7810923980868111
