MSE: 96.11342230902778
PSNR: 19.981552970104605
SSIM: 0.7971873373598134
