MSE: 42.518504504504506
PSNR: 29.399851667282434
SSIM: 0.764819751272933
