MSE: 81.16578414351852
PSNR: 18.97590510457295
SSIM: 0.8187154065733561
