MSE: 92.9922048611111
PSNR: 19.27960911529864
SSIM: 0.8100214876215123
