MSE: 80.1002295684114
PSNR: 21.385519619866592
SSIM: 0.706512098830717
