MSE: 85.76237847222222
PSNR: 20.769447875735114
SSIM: 0.8022242587557411
