MSE: 96.99845160590277
PSNR: 19.629473629112642
SSIM: 0.7906295681696079
