MSE: 95.97734421134422
PSNR: 18.38431282672055
SSIM: 0.8069891237295002
