MSE: 86.46528304134648
PSNR: 23.017947930763803
SSIM: 0.8260714357877844
