MSE: 80.8487088404813
PSNR: 22.99323211558217
SSIM: 0.8268288438198569
