MSE: 74.44172743055556
PSNR: 23.463201256678143
SSIM: 0.838682451617605
