MSE: 92.03079318576388
PSNR: 21.611608966579333
SSIM: 0.8068492884441043
