MSE: 93.41928703703704
PSNR: 17.74904393791462
SSIM: 0.7847748524458714
