MSE: 101.73334934934935
PSNR: 17.645624933662297
SSIM: 0.7308660729432054
