MSE: 94.30490813078704
PSNR: 17.013815805381864
SSIM: 0.740300413414226
