MSE: 82.8894509548611
PSNR: 22.281466745834734
SSIM: 0.7901445926041766
