MSE: 96.67608695652174
PSNR: 18.070040179361015
SSIM: 0.8092289568794233
