MSE: 99.57445855034722
PSNR: 18.990788180809727
SSIM: 0.7965209508507964
