MSE: 62.63544711111111
PSNR: 25.708435645116275
SSIM: 0.9131905298856471
