MSE: 101.0328550889757
PSNR: 16.834268691762958
SSIM: 0.771362459353463
