MSE: 61.73673273273273
PSNR: 26.417768631106906
SSIM: 0.7136129408953283
