MSE: 97.07244696969697
PSNR: 16.20695727297518
SSIM: 0.7314854200637253
