MSE: 92.44230933333333
PSNR: 19.622273285175986
SSIM: 0.7794760266887876
