MSE: 79.30590755555555
PSNR: 23.956236459617873
SSIM: 0.8611490646365588
