MSE: 92.5181880952381
PSNR: 20.104395637070986
SSIM: 0.8410572663303294
