MSE: 80.18656575520833
PSNR: 21.134368451532815
SSIM: 0.8227245631476853
