MSE: 87.39150107250107
PSNR: 20.198893230936342
SSIM: 0.871868510144084
