MSE: 96.28853949652778
PSNR: 16.116589269907056
SSIM: 0.7539376150195766
