MSE: 86.83178148148149
PSNR: 20.509103551756162
SSIM: 0.8420890825202522
