MSE: 97.14445529513888
PSNR: 17.46925635629099
SSIM: 0.7976853466564325
