MSE: 92.41541847511574
PSNR: 18.64424127202728
SSIM: 0.7545834403927829
