MSE: 51.64178276774595
PSNR: 24.391269973036337
SSIM: 0.7345845772753471
