MSE: 89.89613378420398
PSNR: 20.344897702620802
SSIM: 0.8717160139798276
