MSE: 79.72572353561992
PSNR: 21.03897185221919
SSIM: 0.7232742109969438
