MSE: 97.58398224218537
PSNR: 18.568670288734747
SSIM: 0.8325846908548549
