MSE: 92.83043402777778
PSNR: 17.251392498932262
SSIM: 0.838835548926618
