MSE: 93.7324759044759
PSNR: 20.185251189040763
SSIM: 0.8552335798261067
