MSE: 93.72729998553241
PSNR: 17.119043086671333
SSIM: 0.8338576632012568
