MSE: 85.46138135082985
PSNR: 19.154935154032447
SSIM: 0.7437928986067113
