MSE: 95.34409387997623
PSNR: 20.276975193012575
SSIM: 0.777044070348386
