MSE: 94.27009047619048
PSNR: 19.311474782606986
SSIM: 0.8413775083311323
