MSE: 96.08016203703704
PSNR: 18.40775770755001
SSIM: 0.7898352135514058
