MSE: 85.95879376446759
PSNR: 18.66495789173912
SSIM: 0.7871843706367881
