MSE: 96.98627965856481
PSNR: 18.443293765603215
SSIM: 0.7643203197072475
