MSE: 97.74588650173611
PSNR: 19.855365951931134
SSIM: 0.7874417001760654
