MSE: 83.3444069458867
PSNR: 21.408247215556976
SSIM: 0.911869538019
