MSE: 90.70494824016563
PSNR: 21.141273869641203
SSIM: 0.8132077926408554
