MSE: 85.42058962228128
PSNR: 20.120989463848066
SSIM: 0.8583876596263696
