MSE: 90.40858215470578
PSNR: 20.02519536207845
SSIM: 0.8157457475926915
