MSE: 92.0764763577807
PSNR: 19.88217882852917
SSIM: 0.7213403136841036
