MSE: 88.70127361606554
PSNR: 20.694134273600916
SSIM: 0.662338367658012
