MSE: 92.72271523464458
PSNR: 20.263597667306815
SSIM: 0.8264009600142259
