MSE: 75.99392106549365
PSNR: 24.246780951327732
SSIM: 0.8398049699435838
