MSE: 58.40225625625626
PSNR: 27.4633943573513
SSIM: 0.7182629643574278
