MSE: 98.77828233506945
PSNR: 19.598983212545445
SSIM: 0.7956730606328879
