MSE: 91.4879769012979
PSNR: 20.81622977733907
SSIM: 0.7544432885889446
