MSE: 79.68562934027777
PSNR: 22.892247325495163
SSIM: 0.7969694616663708
